################矩阵分解#################
LU分解
A矩阵:
[[ 1  3  4]
 [ 1  4  6]
 [ 2  6 10]]
L矩阵:
[[1. 0. 0.]
 [1. 1. 0.]
 [2. 0. 1.]]
U矩阵:
[[1. 3. 4.]
 [0. 1. 2.]
 [0. 0. 2.]]

Gram-Schmidt进行Q、R分解
A矩阵:
[[  0 -20 -14]
 [  3  27  -4]
 [  4  11  -2]]
Q矩阵:
[[ 0.   -0.8  -0.6 ]
 [ 0.6   0.48 -0.64]
 [ 0.8  -0.36  0.48]]
R矩阵:
[[ 5. 25. -4.]
 [ 0. 25. 10.]
 [ 0.  0. 10.]]

Householder reduction进行Q、R分解
A矩阵:
[[  0 -20 -14]
 [  3  27  -4]
 [  4  11  -2]]
Q矩阵:
[[ 0.   -0.8  -0.6 ]
 [ 0.6   0.48 -0.64]
 [ 0.8  -0.36  0.48]]
R矩阵:
[[ 5. 25. -4.]
 [ 0. 25. 10.]
 [ 0. -0. 10.]]

Givens reduction进行Q、R分解
A矩阵:
[[  0 -20 -14]
 [  3  27  -4]
 [  4  11  -2]]
Q矩阵:
[[ 0.   -0.8  -0.6 ]
 [ 0.6   0.48 -0.64]
 [ 0.8  -0.36  0.48]]
R矩阵:
[[ 5. 25. -4.]
 [ 0. 25. 10.]
 [-0. -0. 10.]]

LU分解
A矩阵:
[[ 1  3  4]
 [ 1  4  6]
 [ 2  6 10]]
U矩阵:
[[ 0.40825 -0.18257 -0.89443]
 [ 0.40825  0.91287 -0.     ]
 [ 0.8165  -0.36515  0.44721]]
R矩阵:
[[14.70261 -0.      -0.     ]
 [ 1.39413  0.29957  0.     ]
 [ 0.74507 -0.19669  0.45408]]
U矩阵:
[[ 0.1666   0.52757  0.83301]
 [-0.77532  0.59205 -0.2199 ]
 [-0.6092  -0.60921  0.50768]]

#############解方程###############
解方程：
A矩阵:
[[4 2 4]
 [1 4 2]
 [1 2 2]]
b向量:
[11 12  9]
采用LU分解方程的解:[-2.   1.5  4. ]
采用Gram-Schmidt,方程的解:[-2.   1.5  4. ]
采用Givens reduction, 方程的解:[-2.   1.5  4. ]
采用Householder reduction,方程的解:[-2.   1.5  4. ]

#############求行列式###############
求行列：
A矩阵:
[[ 3  2  2]
 [ 3  4  6]
 [ 9  6 12]]
采用LU分解，矩阵行列式:36.0
采用Gram-Schmidt,矩阵行列式:36.0
采用Givens reduction, 矩阵行列式:36.0
采用Householder reduction,矩阵行列式:36.0